MSE: 0.004473378141443351
MAE: 0.05300778384208664
R2: 1.0
